-1.8100 1.7700 5.1000
-1.7950 1.8050 5.1000
-1.7550 1.8550 5.1000
-1.7100 1.8750 5.1000
-1.6650 1.8750 5.1000
-1.6350 1.8750 5.1000
-1.6000 1.8600 5.1000
-1.5750 1.8600 5.1000
-1.5500 1.8400 5.1000
-1.5000 1.8350 5.1000
-1.5000 1.8200 5.1000
-1.4850 1.8150 5.1000
-1.4300 1.7350 5.1000
-1.4100 1.6900 5.1000
-1.3700 1.6200 5.1000
-1.3250 1.5500 5.1000
-1.2900 1.4600 5.1000
-1.1900 1.3100 5.1000
-1.1600 1.2500 5.1000
-1.1300 1.1450 5.1000
-1.1150 1.0450 5.1000
-1.1150 0.9400 5.1000
-1.1250 0.8700 5.1000
-1.1300 0.7950 5.1000
-1.1100 0.5750 5.1000
-1.0900 0.5200 5.1000
-1.0750 0.4450 5.1000
-1.0450 0.3700 5.1000
-1.0150 0.3300 5.1000
-0.9850 0.2950 5.1000
-0.9400 0.2550 5.1000
-0.8500 0.2150 5.1000
-0.7000 0.1400 5.1000
-0.5600 0.1100 5.1000
-0.4650 0.1050 5.1000
-0.3600 0.0750 5.1000
-0.2700 0.0550 5.1000
-0.2150 0.0450 5.1000
-0.1700 0.0450 5.1000
-0.1250 0.0450 5.1000
-0.0800 0.0450 5.1000
-0.0400 0.0450 5.1000
0.0050 0.0450 5.1000